#levelDescriptionFile
[[9, 9, 9, 9, 9, 9, 9, 9, 9, 9, 9, 9, 9, 9, 9, 9, 9, 9], [9, 10, 7, 7, 2, 2, 2, 2, 2, 2, 2, 2, 2, 2, 2, 2, 7, 9], [9, 7, 7, 7, 2, 7, 7, 5, 7, 7, 7, 7, 5, 7, 7, 2, 5, 9], [9, 7, 7, 7, 2, 5, 18, 18, 18, 5, 5, 18, 18, 18, 5, 2, 5, 9], [9, 7, 7, 7, 2, 5, 18, 18, 18, 5, 5, 18, 18, 18, 5, 2, 5, 9], [9, 7, 7, 7, 2, 5, 5, 7, 7, 5, 5, 5, 7, 7, 5, 2, 5, 9], [9, 7, 7, 7, 2, 2, 2, 30, 2, 2, 2, 2, 30, 2, 2, 2, 5, 9], [9, 7, 7, 7, 7, 5, 5, 7, 7, 5, 5, 7, 7, 7, 5, 5, 5, 9], [9, 7, 7, 7, 7, 5, 7, 7, 7, 5, 5, 5, 5, 5, 5, 5, 5, 9], [9, 7, 7, 7, 7, 223, 223, 223, 223, 223, 223, 223, 223, 223, 5, 5, 4, 9], [9, 9, 9, 9, 9, 9, 9, 9, 9, 9, 9, 9, 9, 9, 9, 9, 9, 9]]
["birthPlayer(me, 2, 2)", "birthDiamond(me, 7, 4)", "birthDiamond(me, 8, 4)", "birthDiamond(me, 9, 4)", "birthDiamond(me, 12, 4)", "birthDiamond(me, 13, 4)", "birthDiamond(me, 14, 4)", "birthDiamond(me, 7, 5)", "birthDiamond(me, 8, 5)", "birthDiamond(me, 9, 5)", "birthDiamond(me, 12, 5)", "birthDiamond(me, 13, 5)", "birthDiamond(me, 14, 5)", "birthLefty(me, 8, 7)", "birthLefty(me, 13, 7)", "birthBlueCan(me, 6, 10)", "birthBlueCan(me, 7, 10)", "birthBlueCan(me, 8, 10)", "birthBlueCan(me, 9, 10)", "birthBlueCan(me, 10, 10)", "birthBlueCan(me, 11, 10)", "birthBlueCan(me, 12, 10)", "birthBlueCan(me, 13, 10)", "birthBlueCan(me, 14, 10)", "birthDoor(me, 17, 10)"]
15
"level 1"
[[9, 9, 9, 9, 9, 9, 9, 9, 9, 9, 9, 9, 9, 9, 9, 9, 9, 9], [9, 10, 2, 9, 2, 2, 2, 2, 2, 2, 2, 2, 2, 9, 2, 2, 2, 9], [9, 30, 2, 9, 2, 9, 9, 9, 9, 9, 9, 9, 2, 9, 2, 2, 2, 9], [9, 2, 2, 9, 30, 9, 51, 2, 2, 2, 2, 9, 2, 9, 2, 2, 2, 9], [9, 2, 2, 9, 2, 9, 2, 18, 18, 18, 2, 9, 2, 9, 2, 2, 2, 9], [9, 30, 2, 9, 2, 9, 2, 7, 7, 7, 2, 9, 2, 9, 2, 2, 2, 9], [9, 2, 2, 9, 30, 9, 51, 2, 2, 2, 2, 9, 2, 9, 2, 2, 2, 9], [9, 2, 2, 9, 2, 9, 2, 9, 9, 9, 9, 9, 2, 9, 2, 2, 2, 9], [9, 2, 2, 9, 2, 9, 51, 2, 2, 51, 2, 2, 51, 9, 2, 2, 2, 9], [9, 2, 2, 2, 30, 2, 30, 2, 2, 30, 2, 2, 30, 7, 2, 2, 4, 9], [9, 9, 9, 9, 9, 9, 9, 9, 9, 9, 9, 9, 9, 9, 9, 9, 9, 9]]
["birthPlayer(me, 2, 2)", "birthLefty(me, 2, 3)", "birthLefty(me, 5, 4)", "birthRighty(me, 7, 4)", "birthDiamond(me, 8, 5)", "birthDiamond(me, 9, 5)", "birthDiamond(me, 10, 5)", "birthLefty(me, 2, 6)", "birthLefty(me, 5, 7)", "birthRighty(me, 7, 7)", "birthRighty(me, 7, 9)", "birthRighty(me, 10, 9)", "birthRighty(me, 13, 9)", "birthLefty(me, 5, 10)", "birthLefty(me, 7, 10)", "birthLefty(me, 10, 10)", "birthLefty(me, 13, 10)", "birthDoor(me, 17, 10)"]
6
"level 2"
[[9, 9, 9, 9, 9, 9, 9, 9, 9, 9, 9, 9, 9, 9, 9, 9, 9, 9], [9, 10, 2, 2, 2, 2, 2, 2, 2, 2, 2, 2, 2, 2, 2, 2, 2, 9], [9, 2, 2, 2, 2, 2, 2, 2, 2, 2, 2, 2, 2, 2, 2, 2, 2, 9], [9, 2, 2, 2, 2, 2, 2, 2, 2, 2, 2, 2, 2, 2, 2, 2, 2, 9], [9, 2, 2, 2, 2, 2, 2, 2, 2, 2, 2, 2, 2, 2, 2, 2, 2, 9], [9, 2, 2, 2, 2, 2, 2, 2, 2, 2, 2, 2, 2, 2, 2, 2, 2, 9], [9, 2, 2, 2, 2, 2, 2, 2, 2, 2, 2, 2, 2, 2, 2, 2, 2, 9], [9, 2, 2, 2, 2, 2, 2, 2, 2, 2, 2, 2, 2, 2, 2, 2, 2, 9], [9, 2, 2, 2, 2, 2, 2, 2, 2, 2, 2, 2, 2, 2, 2, 2, 2, 9], [9, 2, 2, 2, 2, 2, 2, 2, 2, 2, 2, 2, 2, 2, 2, 2, 4, 9], [9, 9, 9, 9, 9, 9, 9, 9, 9, 9, 9, 9, 9, 9, 9, 9, 9, 9]]
["birthPlayer(me, 2, 2)", "birthDoor(me, 17, 10)"]
0
"level 3"
#endOfFile